#1
easLD11 <- c(4.47E-05,8.54E-05,9.56E-05,8.54E-05,7.07E-05,4.28E-05,5.99E-05,4.46E-05,8.56E-05,0.000118052,0.000100404,7.94E-05,0.000193675,9.93E-05,0.000194895,0.000165347,9.36E-05,4.96E-05,0.000127274,8.23E-05,3.61E-05,0.000109575,0.000136676,0.000141768,2.41E-05,0.000171117,8.38E-05,0.000205316,8.96E-05,7.43E-05,0.000104373,0.000185413,3.35E-05,0.000119793,6.02E-05,7.04E-05,0.000106074,8.91E-05,0.000162551,8.56E-05,0.000161699,0.000107701,0.000214843,0.000107179,8.89E-05,0.000143801,0.000185507,0.000181812,5.82E-05,0.000112802,0.000124753,9.58E-05,0.000195004,0.000123266,0.000132602,0.000105968,4.13E-05,0.000106955,6.68E-05,0.000176091,6.67E-05,8.90E-05,4.79E-05,7.86E-05,5.66E-05,0.000132105,6.56E-05,0.000110018,0.000148314,0.000105223,5.14E-05,0.000151599,8.73E-05,8.21E-05,8.21E-05,0.00010576,0.00018814,5.90E-05,3.10E-05,0.000130126,9.05E-05,0.000123214,0.000104339,6.85E-05,0.000150592,0.000138854,6.85E-05,4.13E-05,3.94E-05,0.000102625,0.000109511,7.69E-05,0.000135667,0.000157219,0.000186326,0.000164242,6.17E-05,0.000123127,0.000102664,2.75E-05,0.00013833,0.000143681,0.000102692,0.000116311,0.000191521,0.000112959,8.56E-05,0.000106038,3.44E-05,0.000138612,0.000148832,8.60E-05,0.00017441,0.000164303,3.09E-05,0.000107804,0.000105117,7.36E-05,5.57E-05,5.14E-05,5.48E-05,8.22E-05,6.84E-05,0.000251333,0.000157392,0.000206912,7.04E-06,0.0001437,0.000147246,0.000116289,7.87E-05,0.000112692,0.000138398,3.44E-05,0.000197005,0.000237602,0.000170805,0.00010088,2.57E-05,9.92E-05,5.99E-05,0.000136764,0.000131452,0.000116496,8.11E-05,0.000179501,6.28E-05,0.000104873,0.000116789,0.00012996,0.000128315,0.000136931,0.000119812,0.000191467,8.38E-05,0.000115275,4.63E-05,4.35E-05,4.44E-05,0.000166607,0.000110723,6.68E-05,0.000118106,7.43E-05,0.000196675,8.37E-05,0.000138657,0.000192269,0.000102794,7.71E-05,0.000171023,0.000112774,6.51E-05,0.000154097,4.64E-05,0.000172655,0.000102652,8.22E-05,7.94E-05,0.000114643,0.000140255,8.72E-05,0.000191412,8.70E-05,0.000150849,8.90E-05,6.84E-05,0.000138551,8.96E-05,7.87E-05,0.000126443,0.000130885,9.58E-05,9.91E-05,0.000106005,0.000106075,0.0001608,8.57E-05,0.000122925,7.87E-05,0.000131736,7.87E-05,0.000184752,0.000196448,4.29E-05,0.000133414,0.000121424,5.31E-05,0.00011887,9.92E-05,0.000133414,6.51E-05,6.55E-05,0.000271914,0.000136888,0.000195051,8.70E-05,9.24E-05,0.000140125,9.24E-05,0.00015222,0.000194877,0.000138503,0.000141427,7.18E-05,0.000129746,7.89E-05,0.000119473,0.000131665,9.91E-05,0.000148727,0.000213718,9.51E-05,0.000108588,0.00011183,9.03E-05,5.31E-05,6.68E-05,9.07E-05,0.00015283,0.000174475,0.000123267,0.000143705,0.000140193,9.58E-05,0.000140255,0.000181381,0.000107568,5.99E-05,0.000171083,0.000123175,0.000162488,9.15E-05,7.54E-05,9.44E-05,0.000181219,4.98E-05,6.17E-05,0.000119859,5.14E-05,0.000123177,6.33E-05,0.000169302,0.000154031,0.000167442,0.000137726,0.000140429,0.000169322,8.79E-05,9.08E-05,0.000165918,8.72E-05,0.000114831,0.000107889,0.000146153,2.24E-05,9.92E-05,0.00013168,0.000169354,0.000105286,0.000183387,0.000141922,6.68E-05,0.000128937,4.13E-05,0.000119735,7.51E-05,0.000179979,0.000107675,8.22E-05,0.000177747,0.000123163,5.04E-05,0.000163149,7.18E-05,9.59E-05,0.000106162,0.000220637,7.53E-05,0.000133376)
eascLD11 <- as.numeric(afrcLDgroup[1,])

#2
easLD12 <- c(0.000119737,4.38E-05,6.07E-05,2.32E-05,0.000132275,8.86E-05,7.83E-05,5.02E-05,7.46E-05,3.60E-05,8.35E-05,5.90E-05,5.40E-06,0.000106999,8.10E-05,4.38E-05,5.13E-05,0.000124515,7.71E-05,4.50E-05,5.31E-05,0.000106557,3.85E-05,5.41E-05,6.68E-05,4.64E-05,5.97E-05,3.06E-05,6.29E-05,0.000113352,7.06E-05,5.41E-05,6.04E-05,0.000101415,8.86E-05,0.000125905,4.37E-05,2.58E-05,2.33E-05,0.000114788,3.36E-05,5.14E-05,4.64E-05,7.07E-05,7.19E-05,9.51E-05,4.39E-05,6.68E-05,3.10E-05,6.43E-05,6.69E-05,5.78E-05,4.64E-05,5.79E-05,9.00E-05,1.17E-05,6.29E-05,2.84E-05,4.37E-05,5.91E-05,3.10E-05,3.85E-05,4.26E-05,7.03E-05,7.06E-05,8.10E-05,8.21E-05,1.94E-05,9.11E-05,6.68E-05,4.19E-05,5.78E-05,3.27E-05,8.48E-05,7.45E-05,4.03E-06,3.54E-05,4.38E-05,9.16E-05,7.45E-05,4.40E-05,2.32E-05,7.20E-05,0.000104051,5.79E-05,2.97E-05,0.000116923,4.42E-05,8.98E-05,0.000109086,3.73E-05,3.39E-05,4.11E-05,3.61E-05,5.41E-05,7.70E-05,0.000128345,9.25E-05,9.89E-05,7.45E-05,5.53E-05,4.38E-05,7.45E-05,0.000100122,4.64E-05,2.64E-05,5.66E-05,9.50E-05,3.48E-05,3.09E-05,3.87E-05,6.68E-05,6.04E-05,4.81E-05,4.18E-05,6.94E-05,3.87E-05,3.86E-05,8.99E-05,2.07E-05,6.04E-05,2.07E-05,4.88E-05,4.89E-05,0.000118183,5.07E-05,7.90E-06,6.69E-05,4.76E-05,7.96E-05,5.14E-05,4.25E-05,4.89E-05,7.38E-05,7.32E-05,6.68E-05,2.07E-05,7.84E-05,0.000138639,1.86E-05,9.24E-05,9.77E-05,9.24E-05,7.96E-05,9.56E-05,6.43E-05,6.23E-05,0.000111739,4.12E-05,5.79E-05,7.70E-05,7.58E-05,8.34E-05,3.86E-05,6.93E-05,3.87E-05,5.15E-05,0.000104004,8.49E-05,7.18E-05,8.34E-05,2.07E-05,7.37E-05,6.68E-05,1.56E-05,4.25E-05,5.34E-05,5.40E-05,7.06E-05,0.000102716,9.50E-05,6.04E-05,6.94E-05,6.56E-05,8.73E-05,7.71E-05,5.15E-05,4.25E-05,7.58E-05,0.000119382,6.29E-05,6.41E-05,4.25E-05,0.000112922,6.68E-05,2.07E-05,8.60E-05,7.19E-05,6.94E-05,6.94E-05,5.39E-05,3.03E-05,2.46E-05,2.33E-05,3.35E-05,1.69E-05,3.99E-05,4.37E-05,6.04E-05,2.96E-05,0.000114156,9.51E-05,2.44E-05,2.46E-05,9.11E-05,3.79E-05,5.97E-05,3.79E-05,3.60E-05,5.33E-05,5.19E-05,2.83E-05,7.62E-05,4.42E-05,0.000123286,4.22E-05,5.92E-05,0.000110471,4.48E-05,5.71E-05,1.95E-05,5.32E-06,4.55E-05,4.12E-05,1.56E-05,6.04E-05,0.000110274,1.95E-05,0.00011044,3.14E-05,3.60E-05,2.07E-05,6.57E-05,1.37E-05,6.30E-05,4.26E-05,4.00E-05,7.84E-05,0.000118187,7.84E-05,5.28E-05,9.46E-05,3.61E-05,1.94E-05,4.76E-05,6.94E-05,0.000106494,3.99E-05,8.72E-05,6.17E-05,5.14E-05,0.000120502,5.04E-05,4.75E-05,2.59E-05,7.50E-05,4.37E-05,6.30E-05,2.45E-05,5.14E-05,5.14E-05,6.55E-05,6.56E-05,6.81E-05,5.15E-05,2.33E-05,6.94E-05,3.87E-05,2.14E-05,2.07E-05,5.92E-05,6.93E-05,0.000124544,4.27E-05,9.25E-05,4.73E-05,3.49E-05,5.83E-05,5.40E-05,5.91E-05,1.81E-05,3.10E-05,0.000100217,8.22E-05,9.38E-05,7.94E-06,0.000103916,3.10E-05,7.83E-05,7.58E-05,5.52E-05,5.65E-05,7.96E-05,2.34E-05,6.95E-05,9.25E-05,0.000100065,2.32E-05,9.37E-05,6.42E-05)
eascLD12 <- as.numeric(afrcLDgroup[2,])

#3
